[[50,65,14,13,12,11,12,,9,,8,,9]
,[65,50,15,14,13,12,13,10,,9,10]
,[14,15,50,55,54,53,54,57,50,51]
,[13,14,55,50,65,54,55,52,51,52]
,[12,13,54,65,50,65,56,53,52,53]
,[11,12,53,54,65,50,77,54,53,54]
,[12,13,54,55,56,77,50,50,49,53]
,[,9,10,57,52,53,54,50,50,65,56]
,[,8,,9,50,51,52,53,49,65,50,67]
,[,9,10,51,52,53,54,53,56,67,50]]